  -73.66612      -74.26827      -74.93482      -76.08246    
  -72.97150      -73.61105      -74.33837      -75.62064    
  -72.27675      -72.95323      -73.74107      -75.15823    
  -71.58170      -72.29468      -73.14278      -74.69519    
  -70.88614      -71.63519      -72.54341      -74.23148    
  -70.18986      -70.97460      -71.94283      -73.76705    
  -69.49265      -70.31273      -71.34090      -73.30186    
  -68.79428      -69.64938      -70.73752      -72.83588    
  -68.09454      -68.98439      -70.13255      -72.36904    
  -67.39319      -68.31754      -69.52586      -71.90132    
  -66.68999      -67.64865      -68.91732      -71.43266    
  -65.98471      -66.97751      -68.30681      -70.96302    
  -65.27709      -66.30391      -67.69418      -70.49235    
  -64.56689      -65.62766      -67.07930      -70.02061    
  -63.85383      -64.94853      -66.46203      -69.54774    
  -63.13767      -64.26632      -65.84222      -69.07372    
  -62.41812      -63.58080      -65.21974      -68.59847    
  -61.69492      -62.89175      -64.59444      -68.12196    
  -60.96778      -62.19896      -63.96619      -67.64414    
  -60.23642      -61.50217      -63.33481      -67.16496    
  -59.50056      -60.80118      -62.70018      -66.68437    
  -58.75989      -60.09574      -62.06213      -66.20232    
  -58.01412      -59.38561      -61.42051      -65.71877    
  -57.26296      -58.67057      -60.77518      -65.23365    
  -56.50609      -57.95036      -60.12598      -64.74693    
  -55.74321      -57.22475      -59.47274      -64.25854    
  -54.97401      -56.49350      -58.81532      -63.76846    
  -54.19818      -55.75635      -58.15355      -63.27661    
  -53.41540      -55.01307      -57.48729      -62.78295    
  -52.62537      -54.26340      -56.81635      -62.28743    
  -51.82776      -53.50711      -56.14060      -61.78999    
  -51.02227      -52.74395      -55.45987      -61.29059    
  -50.20857      -51.97368      -54.77400      -60.78917    
  -49.38637      -51.19604      -54.08282      -60.28569    
  -48.55535      -50.41082      -53.38619      -59.78009    
  -47.71521      -49.61775      -52.68394      -59.27231    
  -46.86565      -48.81662      -51.97591      -58.76232    
  -46.00639      -48.00718      -51.26194      -58.25004    
  -45.13712      -47.18922      -50.54189      -57.73544    
  -44.25758      -46.36251      -49.81558      -57.21847    
  -43.36750      -45.52684      -49.08288      -56.69906    
  -42.46662      -44.68200      -48.34362      -56.17717    
  -41.55470      -43.82779      -47.59767      -55.65275    
  -40.63151      -42.96402      -46.84486      -55.12574    
  -39.69684      -42.09050      -46.08506      -54.59610    
  -38.75048      -41.20707      -45.31812      -54.06377    
  -37.79227      -40.31356      -44.54391      -53.52870    
  -36.82204      -39.40982      -43.76230      -52.99084    
  -35.83966      -38.49572      -42.97314      -52.45014    
  -34.84502      -37.57113      -42.17632      -51.90655    
  -33.83803      -36.63594      -41.37171      -51.36002    
  -32.81863      -35.69007      -40.55920      -50.81050    
  -31.78679      -34.73344      -39.73867      -50.25794    
  -30.74252      -33.76600      -38.91002      -49.70229    
  -29.68585      -32.78771      -38.07314      -49.14350    
  -28.61684      -31.79854      -37.22795      -48.58152    
  -27.53559      -30.79851      -36.37436      -48.01630    
  -26.44224      -29.78763      -35.51227      -47.44780    
  -25.33695      -28.76595      -34.64163      -46.87596    
  -24.21995      -27.73354      -33.76237      -46.30074    
  -23.09148      -26.69049      -32.87442      -45.72208    
  -21.95182      -25.63692      -31.97775      -45.13995    
  -20.80129      -24.57297      -31.07229      -44.55429    
  -19.64025      -23.49879      -30.15804      -43.96506    
  -18.46911      -22.41458      -29.23496      -43.37221    
  -17.28829      -21.32055      -28.30304      -42.77569    
  -16.09826      -20.21693      -27.36227      -42.17545    
  -14.89952      -19.10398      -26.41265      -41.57146    
  -13.69260      -17.98199      -25.45422      -40.96365    
  -12.47807      -16.85125      -24.48698      -40.35199    
  -11.25651      -15.71210      -23.51097      -39.73643    
  -10.02852      -14.56487      -22.52625      -39.11692    
  -8.794749      -13.40994      -21.53285      -38.49340    
  -7.555834      -12.24769      -20.53086      -37.86585    
  -6.312438      -11.07852      -19.52033      -37.23421    
  -5.065233      -9.902839      -18.50136      -36.59842    
  -3.814896      -8.721076      -17.47404      -35.95845    
  -2.562106      -7.533671      -16.43847      -35.31424    
  -1.307541      -6.341072      -15.39477      -34.66574    
 -5.1873136E-02  -5.143732      -14.34306      -34.01291    
   1.204235      -3.942110      -13.28347      -33.35569    
   2.460134      -2.736669      -12.21613      -32.69402    
   3.715191      -1.527871      -11.14119      -32.02786    
   4.968794     -0.3161775      -10.05880      -31.35715    
   6.220355      0.8979552      -8.969129      -30.68184    
   7.469311       2.114076      -7.872336      -30.00186    
   8.715128       3.331743      -6.768593      -29.31716    
   9.957306       4.550522      -5.658077      -28.62768    
   11.19538       5.769993      -4.540968      -27.93335    
   12.42890       6.989751      -3.417452      -27.23410    
   13.65749       8.209403      -2.287714      -26.52987    
   14.88078       9.428576      -1.151946      -25.82059    
   16.09846       10.64691     -1.0337608E-02  -25.10618    
   17.31024       11.86408       1.136918      -24.38657    
   18.51587       13.07976       2.289629      -23.66166    
   19.71515       14.29366       3.447603      -22.93139    
   20.90792       15.50550       4.610648      -22.19564    
   22.09405       16.71504       5.778576      -21.45434    
   23.27344       17.92206       6.951201      -20.70738    
   24.44604       19.12634       8.128338      -19.95466    
   25.61181       20.32771       9.309808      -19.19605    
   26.77077       21.52601       10.49543      -18.43146    
   27.92295       22.72111       11.68505      -17.66074    
   29.06843       23.91289       12.87848      -16.88377    
   30.20729       25.10126       14.07558      -16.10041    
   31.33965       26.28616       15.27618      -15.31050    
   32.46564       27.46753       16.48013      -14.51388    
   33.58545       28.64534       17.68731      -13.71039    
   34.69922       29.81958       18.89758      -12.89985    
   35.80717       30.99026       20.11080      -12.08206    
   36.90951       32.15739       21.32686      -11.25681    
   38.00645       33.32102       22.54564      -10.42388    
   39.09823       34.48118       23.76705      -9.583045    
   40.18508       35.63794       24.99099      -8.734045    
   41.26726       36.79138       26.21737      -7.876612    
   42.34501       37.94158       27.44610      -7.010458    
   43.41859       39.08863       28.67712      -6.135273    
   44.48825       40.23262       29.91035      -5.250725    
   45.55424       41.37367       31.14573      -4.356460    
   46.61683       42.51189       32.38323      -3.452096    
   47.67624       43.64738       33.62278      -2.537222    
   48.73274       44.78028       34.86434      -1.611398    
   49.78655       45.91070       36.10789     -0.6741490    
   50.83790       47.03876       37.35340      0.2750338    
   51.88702       48.16459       38.60085       1.236700    
   52.93411       49.28830       39.85020       2.211443    
   53.97938       50.41002       41.10147       3.199900    
   55.02301       51.52985       42.35464       4.202762    
   56.06519       52.64793       43.60970       5.220773    
   57.10606       53.76435       44.86665       6.254737    
   58.14581       54.87923       46.12551       7.305528    
   59.18455       55.99266       47.38627       8.374086    
   60.22241       57.10476       48.64896       9.461437    
   61.25951       58.21560       49.91358       10.56869    
   62.29594       59.32527       51.18015       11.69705    
   63.33178       60.43387       52.44868       12.84782    
   64.36712       61.54146       53.71921       14.02242    
   65.40199       62.64812       54.99175       15.22242    
   66.43646       63.75391       56.26633       16.44949    
   67.47056       64.85889       57.54298       17.70547    
   68.50430       65.96313       58.82171       18.99238    
   69.53768       67.06666       60.10257       20.31241    
   70.57072       68.16954       61.38559       21.66796    
   71.60340       69.27180       62.67079       23.06166    
   72.63571       70.37350       63.95821       24.49637    
   73.66761       71.47466       65.24789       25.97524    
   74.69908       72.57533       66.53986       27.50171    
   75.73008       73.67551       67.83417       29.07955    
   76.76056       74.77526       69.13084       30.71289    
   77.79048       75.87460       70.42993       32.40625    
   78.81979       76.97355       71.73148       34.16455    
   79.84846       78.07215       73.03551       35.99318    
   80.87641       79.17043       74.34210       37.89803    
   81.90363       80.26841       75.65128       39.88544    
   82.93005       81.36615       76.96311       41.96231    
   83.95564       82.46367       78.27763       44.13604    
   84.98038       83.56101       79.59490       46.41456    
   86.00422       84.65823       80.91498       48.80622    
   87.02716       85.75538       82.23792       51.31976    
   88.04919       86.85251       83.56377       53.96419    
   89.07030       87.94968       84.89262       56.74851    
   90.09052       89.04698       86.22451       59.68151    
   91.10983       90.14447       87.55951       62.77135    
   92.12831       91.24225       88.89769       66.02506    
   93.14598       92.34039       90.23911       69.44793    
   94.16290       93.43902       91.58385       73.04276    
   95.17915       94.53823       92.93198       76.80910    
   96.19482       95.63815       94.28355       80.74232    
   97.21000       96.73889       95.63863       84.83293    
   98.22481       97.84060       96.99731       89.06592    
   99.23938       98.94342       98.35966       93.42057    
   100.2539       100.0475       99.72572       97.87065    
   101.2684       101.1530       101.0956       102.3852    
   102.2832       102.2601       102.4692       106.9297    
   103.2984       103.3690       103.8468       111.4682    
   104.3142       104.4798       105.2284       115.9647    
   105.3308       105.5927       106.6139       120.3856    
   106.3486       106.7080       108.0035       124.7011    
   107.3676       107.8258       109.3971       128.8863    
   108.3881       108.9464       110.7949       132.9220    
   109.4105       110.0699       112.1967       136.7947    
   110.4349       111.1966       113.6027       140.4962    
   111.4617       112.3266       115.0127       144.0232    
   112.4911       113.4603       116.4268       147.3761    
   113.5233       114.5978       117.8450       150.5585    
   114.5588       115.7393       119.2672       153.5762    
   115.5978       116.8850       120.6933       156.4365    
   116.6406       118.0352       122.1233       159.1479    
   117.6874       119.1900       123.5570       161.7193    
   118.7386       120.3497       124.9943       164.1597    
   119.7945       121.5144       126.4351       166.4781    
   120.8554       122.6844       127.8793       168.6831    
   121.9215       123.8597       129.3266       170.7830    
   122.9930       125.0406       130.7768       172.7856    
   124.0704       126.2271       132.2298       174.6983    
   125.1538       127.4195       133.6853       176.5277    
   126.2434       128.6178       135.1430       178.2802    
   127.3395       129.8221       136.6026       179.9614    
   128.4423       131.0325       138.0639      -178.4232    
   129.5520       132.2491       139.5264      -176.8689    
   130.6687       133.4719       140.9899      -175.3712    
   131.7926       134.7008       142.4539      -173.9260    
   132.9238       135.9360       143.9182      -172.5297    
   134.0625       137.1772       145.3821      -171.1788    
   135.2086       138.4245       146.8454      -169.8703    
   136.3622       139.6778       148.3076      -168.6013    
   137.5234       140.9369       149.7682      -167.3691    
   138.6921       142.2016       151.2267      -166.1715    
   139.8682       143.4719       152.6828      -165.0062    
   141.0518       144.7475       154.1358      -163.8712    
   142.2426       146.0280       155.5853      -162.7648    
   143.4405       147.3134       157.0307      -161.6851    
   144.6453       148.6032       158.4717      -160.6306    
   145.8569       149.8972       159.9077      -159.5999    
   147.0749       151.1949       161.3382      -158.5917    
   148.2991       152.4960       162.7626      -157.6048    
   149.5292       153.8002       164.1805      -156.6379    
   150.7649       155.1069       165.5915      -155.6900    
   152.0056       156.4157       166.9950      -154.7603    
   153.2511       157.7262       168.3906      -153.8477    
   154.5009       159.0378       169.7779      -152.9514    
   155.7546       160.3501       171.1564      -152.0706    
   157.0116       161.6626       172.5258      -151.2047    
   158.2715       162.9747       173.8855      -150.3528    
   159.5337       164.2859       175.2354      -149.5145    
   160.7978       165.5957       176.5750      -148.6890    
   162.0631       166.9035       177.9040      -147.8758    
   163.3292       168.2089       179.2222      -147.0744    
   164.5955       169.5112      -179.4708      -146.2843    
   165.8614       170.8101      -178.1753      -145.5051    
   167.1263       172.1048      -176.8913      -144.7362    
   168.3898       173.3951      -175.6192      -143.9773    
   169.6512       174.6803      -174.3590      -143.2280    
   170.9101       175.9601      -173.1110      -142.4880    
   172.1658       177.2339      -171.8753      -141.7568    
   173.4180       178.5014      -170.6519      -141.0341    
   174.6661       179.7621      -169.4409      -140.3197    
   175.9096      -178.9844      -168.2425      -139.6133    
   177.1481      -177.7384      -167.0566      -138.9145    
   178.3812      -176.5002      -165.8832      -138.2231    
   179.6085      -175.2702      -164.7223      -137.5388    
  -179.1704      -174.0486      -163.5740      -136.8614    
  -177.9558      -172.8357      -162.4381      -136.1907    
  -176.7480      -171.6317      -161.3145      -135.5264    
  -175.5474      -170.4369      -160.2033      -134.8683    
  -174.3541      -169.2513      -159.1043      -134.2163    
  -173.1685      -168.0752      -158.0174      -133.5701    
  -171.9906      -166.9086      -156.9425      -132.9296    
  -170.8207      -165.7517      -155.8794      -132.2946    
  -169.6589      -164.6045      -154.8280      -131.6648    
  -168.5053      -163.4671      -153.7882      -131.0402    
  -167.3600      -162.3395      -152.7598      -130.4206    
  -166.2230      -161.2218      -151.7425      -129.8058    
  -165.0944      -160.1138      -150.7363      -129.1957    
  -163.9742      -159.0155      -149.7410      -128.5902    
  -162.8624      -157.9270      -148.7563      -127.9891    
  -161.7589      -156.8482      -147.7820      -127.3923    
  -160.6637      -155.7789      -146.8180      -126.7997    
  -159.5767      -154.7190      -145.8641      -126.2111    
  -158.4979      -153.6685      -144.9200      -125.6264    
  -157.4271      -152.6272      -143.9856      -125.0456    
  -156.3642      -151.5951      -143.0606      -124.4684    
  -155.3091      -150.5719      -142.1449      -123.8949    
  -154.2617      -149.5574      -141.2382      -123.3249    
  -153.2218      -148.5517      -140.3403      -122.7584    
  -152.1893      -147.5544      -139.4510      -122.1951    
  -151.1640      -146.5655      -138.5701      -121.6351    
  -150.1458      -145.5847      -137.6974      -121.0782    
  -149.1344      -144.6118      -136.8328      -120.5243    
  -148.1297      -143.6468      -135.9760      -119.9735    
  -147.1315      -142.6894      -135.1267      -119.4255    
  -146.1397      -141.7395      -134.2849      -118.8804    
  -145.1541      -140.7968      -133.4503      -118.3380    
  -144.1745      -139.8612      -132.6228      -117.7983    
  -143.2008      -138.9326      -131.8022      -117.2612    
  -142.2328      -138.0107      -130.9882      -116.7266    
  -141.2703      -137.0953      -130.1807      -116.1945    
  -140.3131      -136.1864      -129.3796      -115.6648    
  -139.3612      -135.2837      -128.5847      -115.1374    
  -138.4143      -134.3871      -127.7958      -114.6123    
  -137.4723      -133.4964      -127.0127      -114.0895    
  -136.5351      -132.6115      -126.2353      -113.5688    
  -135.6026      -131.7322      -125.4635      -113.0502    
  -134.6746      -130.8584      -124.6971      -112.5337    
  -133.7510      -129.9900      -123.9360      -112.0192    
  -132.8316      -129.1268      -123.1800      -111.5067    
  -131.9165      -128.2686      -122.4290      -110.9960    
  -131.0055      -127.4154      -121.6828      -110.4873    
  -130.0985      -126.5671      -120.9414      -109.9803    
  -129.1954      -125.7235      -120.2047      -109.4751    
  -128.2961      -124.8845      -119.4724      -108.9717    
  -127.4007      -124.0500      -118.7446      -108.4699    
  -126.5089      -123.2200      -118.0210      -107.9698    
  -125.6208      -122.3943      -117.3016      -107.4713    
  -124.7363      -121.5729      -116.5863      -106.9743    
  -123.8554      -120.7556      -115.8749      -106.4789    
  -122.9780      -119.9424      -115.1675      -105.9849    
  -122.1041      -119.1332      -114.4639      -105.4924    
  -121.2337      -118.3280      -113.7639      -105.0013    
  -120.3668      -117.5267      -113.0676      -104.5116    
  -119.5033      -116.7292      -112.3748      -104.0233    
  -118.6432      -115.9354      -111.6855      -103.5362    
  -117.7865      -115.1454      -110.9996      -103.0505    
  -116.9332      -114.3590      -110.3170      -102.5660    
  -116.0833      -113.5763      -109.6377      -102.0827    
  -115.2369      -112.7971      -108.9615      -101.6005    
  -114.3938      -112.0215      -108.2884      -101.1196    
  -113.5542      -111.2493      -107.6184      -100.6398    
  -112.7180      -110.4806      -106.9513      -100.1610    
  -111.8853      -109.7154      -106.2872      -99.68336    
  -111.0560      -108.9535      -105.6259      -99.20674    
  -110.2302      -108.1950      -104.9674      -98.73112    
  -109.4078      -107.4398      -104.3116      -98.25648    
  -108.5890      -106.6879      -103.6585      -97.78281    
  -107.7736      -105.9393      -103.0081      -97.31005    
  -106.9617      -105.1940      -102.3602      -96.83819    
  -106.1534      -104.4518      -101.7148      -96.36721    
  -105.3486      -103.7128      -101.0719      -95.89707    
  -104.5473      -102.9770      -100.4314      -95.42775    
  -103.7495      -102.2443      -99.79331      -94.95922    
  -102.9553      -101.5147      -99.15749      -94.49146    
  -102.1646      -100.7882      -98.52391      -94.02443    
  -101.3775      -100.0647      -97.89254      -93.55812    
  -100.5938      -99.34415      -97.26332      -93.09249    
  -99.81374      -98.62662      -96.63619      -92.62753    
  -99.03716      -97.91200      -96.01112      -92.16319    
  -98.26406      -97.20029      -95.38802      -91.69945    
  -97.49444      -96.49142      -94.76687      -91.23629    
  -96.72826      -95.78537      -94.14761      -90.77369    
  -95.96552      -95.08208      -93.53016      -90.31160    
  -95.20617      -94.38150      -92.91449      -89.85001    
  -94.45017      -93.68359      -92.30054      -89.38889    
  -93.69750      -92.98830      -91.68823      -88.92821    
  -92.94811      -92.29558      -91.07753      -88.46794    
  -92.20195      -91.60535      -90.46837      -88.00805    
  -91.45896      -90.91757      -89.86068      -87.54852    
  -90.71910      -90.23218      -89.25440      -87.08930    
  -89.98230      -89.54909      -88.64948      -86.63039    
  -89.24849      -88.86824      -88.04582      -86.17174    
  -88.51760      -88.18956      -87.44339      -85.71332    
  -87.78956      -87.51297      -86.84211      -85.25510    
  -87.06429      -86.83839      -86.24190      -84.79707    
  -86.34170      -86.16574      -85.64269      -84.33916    
  -85.62170      -85.49492      -85.04441      -83.88138    
  -84.90420      -84.82585      -84.44699      -83.42366    
  -84.18909      -84.15843      -83.85034      -82.96599    
  -83.47628      -83.49257      -83.25439      -82.50833    
  -82.76565      -82.82815      -82.65906      -82.05065    
  -82.05708      -82.16507      -82.06425      -81.59291    
  -81.35045      -81.50322      -81.46989      -81.13508    
  -80.64565      -80.84248      -80.87589      -80.67712    
  -79.94253      -80.18275      -80.28216      -80.21900    
  -79.24096      -79.52388      -79.68861      -79.76068    
  -78.54080      -78.86576      -79.09513      -79.30212    
  -77.84190      -78.20826      -78.50165      -78.84330    
  -77.14412      -77.55123      -77.90805      -78.38416    
  -76.44729      -76.89455      -77.31425      -77.92467    
  -75.75124      -76.23806      -76.72012      -77.46480    
  -75.05582      -75.58162      -76.12559      -77.00449    
  -74.36084      -74.92507      -75.53052      -76.54373    
   37.35835       47.81794       58.51621       69.46332    
   37.40643       47.86348       58.55560       69.48940    
   37.46278       47.91490       58.59888       69.51767    
   37.52748       47.97221       58.64607       69.54814    
   37.60057       48.03543       58.69717       69.58080    
   37.68210       48.10459       58.75215       69.61563    
   37.77210       48.17967       58.81103       69.65264    
   37.87057       48.26068       58.87378       69.69181    
   37.97752       48.34762       58.94040       69.73314    
   38.09293       48.44046       59.01086       69.77662    
   38.21676       48.53918       59.08514       69.82223    
   38.34899       48.64375       59.16324       69.86996    
   38.48954       48.75413       59.24511       69.91980    
   38.63834       48.87028       59.33073       69.97174    
   38.79531       48.99213       59.42007       70.02577    
   38.96034       49.11963       59.51309       70.08187    
   39.13331       49.25271       59.60975       70.14002    
   39.31409       49.39128       59.71001       70.20022    
   39.50254       49.53528       59.81384       70.26243    
   39.69848       49.68459       59.92117       70.32665    
   39.90175       49.83912       60.03196       70.39286    
   40.11216       49.99876       60.14615       70.46104    
   40.32950       50.16340       60.26369       70.53117    
   40.55355       50.33291       60.38451       70.60323    
   40.78409       50.50715       60.50856       70.67719    
   41.02087       50.68600       60.63577       70.75304    
   41.26364       50.86930       60.76606       70.83076    
   41.51212       51.05690       60.89936       70.91032    
   41.76604       51.24865       61.03560       70.99170    
   42.02512       51.44437       61.17471       71.07487    
   42.28904       51.64390       61.31659       71.15981    
   42.55749       51.84705       61.46117       71.24650    
   42.83015       52.05363       61.60836       71.33490    
   43.10670       52.26347       61.75806       71.42500    
   43.38678       52.47635       61.91021       71.51676    
   43.67006       52.69209       62.06469       71.61016    
   43.95617       52.91046       62.22141       71.70517    
   44.24475       53.13126       62.38027       71.80177    
   44.53543       53.35428       62.54118       71.89991    
   44.82785       53.57929       62.70403       71.99958    
   45.12160       53.80607       62.86872       72.10074    
   45.41631       54.03439       63.03514       72.20336    
   45.71160       54.26402       63.20319       72.30743    
   46.00706       54.49472       63.37276       72.41289    
   46.30231       54.72627       63.54374       72.51971    
   46.59694       54.95842       63.71602       72.62789    
   46.89057       55.19094       63.88949       72.73737    
   47.18279       55.42358       64.06404       72.84813    
   47.47321       55.65611       64.23955       72.96014    
   47.76145       55.88828       64.41590       73.07335    
   48.04710       56.11985       64.59299       73.18774    
   48.32979       56.35060       64.77071       73.30329    
   48.60914       56.58027       64.94894       73.41995    
   48.88477       56.80864       65.12756       73.53770    
   49.15633       57.03547       65.30647       73.65649    
   49.42344       57.26054       65.48553       73.77630    
   49.68577       57.48362       65.66466       73.89709    
   49.94298       57.70449       65.84373       74.01884    
   50.19474       57.92293       66.02264       74.14151    
   50.44076       58.13874       66.20127       74.26507    
   50.68072       58.35172       66.37952       74.38948    
   50.91435       58.56165       66.55729       74.51472    
   51.14139       58.76837       66.73447       74.64075    
   51.36159       58.97169       66.91095       74.76753    
   51.57473       59.17143       67.08663       74.89505    
   51.78059       59.36744       67.26143       75.02327    
   51.97900       59.55955       67.43524       75.15215    
   52.16979       59.74764       67.60798       75.28167    
   52.35283       59.93156       67.77954       75.41180    
   52.52798       60.11119       67.94985       75.54250    
   52.69516       60.28643       68.11882       75.67375    
   52.85431       60.45718       68.28638       75.80552    
   53.00538       60.62336       68.45243       75.93777    
   53.14835       60.78489       68.61692       76.07050    
   53.28322       60.94170       68.77977       76.20365    
   53.41003       61.09376       68.94092       76.33721    
   53.52884       61.24103       69.10030       76.47115    
   53.63972       61.38348       69.25786       76.60545    
   53.74277       61.52112       69.41354       76.74007    
   53.83815       61.65393       69.56729       76.87500    
   53.92597       61.78195       69.71906       77.01020    
   54.00642       61.90520       69.86883       77.14566    
   54.07970       62.02371       70.01653       77.28136    
   54.14601       62.13755       70.16216       77.41726    
   54.20558       62.24678       70.30566       77.55334    
   54.25866       62.35146       70.44704       77.68960    
   54.30550       62.45169       70.58624       77.82600    
   54.34639       62.54757       70.72327       77.96252    
   54.38159       62.63918       70.85811       78.09914    
   54.41142       62.72665       70.99075       78.23586    
   54.43616       62.81010       71.12119       78.37263    
   54.45615       62.88965       71.24941       78.50945    
   54.47167       62.96543       71.37544       78.64631    
   54.48306       63.03758       71.49928       78.78317    
   54.49063       63.10625       71.62092       78.92004    
   54.49470       63.17158       71.74039       79.05689    
   54.49559       63.23372       71.85769       79.19371    
   54.49360       63.29282       71.97285       79.33048    
   54.48906       63.34903       72.08591       79.46719    
   54.48227       63.40251       72.19685       79.60383    
   54.47351       63.45341       72.30573       79.74038    
   54.46307       63.50189       72.41256       79.87683    
   54.45125       63.54809       72.51738       80.01318    
   54.43829       63.59217       72.62022       80.14939    
   54.42446       63.63428       72.72111       80.28548    
   54.41001       63.67455       72.82008       80.42142    
   54.39515       63.71312       72.91717       80.55722    
   54.38012       63.75014       73.01241       80.69285    
   54.36510       63.78574       73.10586       80.82831    
   54.35031       63.82004       73.19753       80.96359    
   54.33590       63.85316       73.28747       81.09868    
   54.32204       63.88522       73.37572       81.23357    
   54.30887       63.91632       73.46231       81.36826    
   54.29653       63.94659       73.54729       81.50274    
   54.28513       63.97610       73.63068       81.63700    
   54.27477       64.00495       73.71254       81.77103    
   54.26554       64.03323       73.79289       81.90482    
   54.25751       64.06101       73.87177       82.03838    
   54.25074       64.08838       73.94922       82.17168    
   54.24529       64.11539       74.02527       82.30473    
   54.24118       64.14210       74.09995       82.43751    
   54.23843       64.16857       74.17330       82.57001    
   54.23705       64.19485       74.24535       82.70225    
   54.23705       64.22099       74.31612       82.83419    
   54.23841       64.24700       74.38564       82.96583    
   54.24112       64.27294       74.45396       83.09717    
   54.24514       64.29883       74.52108       83.22818    
   54.25043       64.32468       74.58704       83.35887    
   54.25696       64.35052       74.65186       83.48923    
   54.26467       64.37637       74.71555       83.61922    
   54.27350       64.40224       74.77815       83.74886    
   54.28341       64.42812       74.83968       83.87812    
   54.29431       64.45403       74.90015       84.00698    
   54.30615       64.47996       74.95956       84.13542    
   54.31886       64.50592       75.01797       84.26344    
   54.33236       64.53191       75.07536       84.39100    
   54.34658       64.55792       75.13174       84.51808    
   54.36147       64.58395       75.18716       84.64465    
   54.37694       64.60999       75.24159       84.77070    
   54.39293       64.63603       75.29507       84.89618    
   54.40937       64.66208       75.34760       85.02105    
   54.42621       64.68812       75.39918       85.14528    
   54.44338       64.71414       75.44983       85.26882    
   54.46083       64.74015       75.49955       85.39163    
   54.47852       64.76614       75.54835       85.51364    
   54.49640       64.79210       75.59624       85.63479    
   54.51443       64.81803       75.64321       85.75501    
   54.53259       64.84393       75.68928       85.87423    
   54.55085       64.86980       75.73444       85.99236    
   54.56918       64.89565       75.77870       86.10928    
   54.58757       64.92148       75.82206       86.22489    
   54.60604       64.94729       75.86452       86.33907    
   54.62457       64.97309       75.90608       86.45167    
   54.64317       64.99889       75.94674       86.56253    
   54.66186       65.02470       75.98650       86.67148    
   54.68066       65.05053       76.02535       86.77830    
   54.69960       65.07640       76.06329       86.88277    
   54.71872       65.10232       76.10033       86.98464    
   54.73804       65.12830       76.13644       87.08362    
   54.75763       65.15437       76.17162       87.17937    
   54.77752       65.18053       76.20586       87.27157    
   54.79778       65.20683       76.23917       87.35979    
   54.81845       65.23325       76.27152       87.44361    
   54.83961       65.25983       76.30291       87.52255    
   54.86131       65.28660       76.33331       87.59612    
   54.88361       65.31355       76.36272       87.66375    
   54.90659       65.34071       76.39111       87.72490    
   54.93031       65.36810       76.41848       87.77898    
   54.95483       65.39573       76.44479       87.82543    
   54.98022       65.42361       76.47002       87.86372    
   55.00655       65.45175       76.49416       87.89333    
   55.03387       65.48016       76.51717       87.91386    
   55.06224       65.50885       76.53902       87.92497    
   55.09171       65.53780       76.55969       87.92648    
   55.12234       65.56704       76.57914       87.91830    
   55.15416       65.59653       76.59733       87.90050    
   55.18721       65.62629       76.61422       87.87324    
   55.22153       65.65629       76.62978       87.83682    
   55.25713       65.68650       76.64395       87.79166    
   55.29404       65.71691       76.65669       87.73819    
   55.33224       65.74748       76.66796       87.67695    
   55.37175       65.77818       76.67770       87.60847    
   55.41255       65.80897       76.68586       87.53329    
   55.45462       65.83978       76.69238       87.45195    
   55.49792       65.87058       76.69721       87.36497    
   55.54241       65.90131       76.70028       87.27282    
   55.58803       65.93188       76.70152       87.17596    
   55.63472       65.96223       76.70088       87.07481    
   55.68239       65.99229       76.69829       86.96975    
   55.73096       66.02195       76.69368       86.86111    
   55.78033       66.05112       76.68697       86.74921    
   55.83038       66.07972       76.67810       86.63433    
   55.88099       66.10762       76.66700       86.51672    
   55.93201       66.13472       76.65358       86.39660    
   55.98330       66.16089       76.63779       86.27418    
   56.03469       66.18601       76.61952       86.14962    
   56.08602       66.20995       76.59873       86.02311    
   56.13711       66.23258       76.57534       85.89478    
   56.18775       66.25375       76.54926       85.76476    
   56.23775       66.27332       76.52042       85.63318    
   56.28691       66.29112       76.48877       85.50013    
   56.33499       66.30703       76.45422       85.36572    
   56.38177       66.32088       76.41669       85.23003    
   56.42702       66.33250       76.37615       85.09315    
   56.47050       66.34174       76.33251       84.95515    
   56.51196       66.34844       76.28572       84.81610    
   56.55115       66.35243       76.23573       84.67605    
   56.58783       66.35355       76.18246       84.53507    
   56.62174       66.35165       76.12589       84.39321    
   56.65262       66.34656       76.06596       84.25052    
   56.68023       66.33812       76.00262       84.10706    
   56.70430       66.32618       75.93586       83.96284    
   56.72459       66.31059       75.86563       83.81795    
   56.74087       66.29119       75.79191       83.67239    
   56.75288       66.26787       75.71467       83.52621    
   56.76039       66.24046       75.63391       83.37946    
   56.76318       66.20885       75.54961       83.23217    
   56.76104       66.17293       75.46176       83.08437    
   56.75375       66.13257       75.37038       82.93608    
   56.74113       66.08766       75.27546       82.78735    
   56.72300       66.03813       75.17702       82.63821    
   56.69918       65.98388       75.07507       82.48868    
   56.66954       65.92484       74.96965       82.33880    
   56.63392       65.86095       74.86078       82.18859    
   56.59221       65.79214       74.74850       82.03809    
   56.54431       65.71839       74.63284       81.88733    
   56.49012       65.63966       74.51385       81.73632    
   56.42959       65.55594       74.39160       81.58511    
   56.36267       65.46722       74.26612       81.43371    
   56.28931       65.37350       74.13749       81.28216    
   56.20952       65.27481       74.00575       81.13048    
   56.12330       65.17117       73.87099       80.97870    
   56.03068       65.06262       73.73328       80.82684    
   55.93169       64.94923       73.59270       80.67495    
   55.82642       64.83104       73.44932       80.52303    
   55.71492       64.70815       73.30322       80.37113    
   55.59731       64.58061       73.15450       80.21926    
   55.47369       64.44854       73.00325       80.06746    
   55.34420       64.31203       72.84955       79.91574    
   55.20898       64.17121       72.69349       79.76414    
   55.06819       64.02618       72.53518       79.61269    
   54.92200       63.87708       72.37470       79.46142    
   54.77060       63.72404       72.21217       79.31033    
   54.61419       63.56719       72.04767       79.15948    
   54.45295       63.40669       71.88131       79.00888    
   54.28712       63.24269       71.71319       78.85857    
   54.11691       63.07533       71.54340       78.70855    
   53.94254       62.90479       71.37206       78.55888    
   53.76426       62.73122       71.19926       78.40956    
   53.58229       62.55478       71.02512       78.26063    
   53.39688       62.37564       70.84970       78.11211    
   53.20828       62.19397       70.67314       77.96405    
   53.01672       62.00993       70.49552       77.81644    
   52.82244       61.82369       70.31695       77.66934    
   52.62570       61.63542       70.13752       77.52275    
   52.42672       61.44528       69.95732       77.37672    
   52.22575       61.25344       69.77647       77.23125    
   52.02301       61.06005       69.59503       77.08640    
   51.81874       60.86528       69.41312       76.94217    
   51.61316       60.66929       69.23082       76.79859    
   51.40648       60.47223       69.04823       76.65569    
   51.19893       60.27423       68.86541       76.51350    
   50.99068       60.07546       68.68247       76.37204    
   50.78196       59.87606       68.49950       76.23133    
   50.57293       59.67616       68.31656       76.09141    
   50.36378       59.47588       68.13374       75.95229    
   50.15469       59.27538       67.95112       75.81401    
   49.94579       59.07475       67.76878       75.67659    
   49.73726       58.87413       67.58678       75.54005    
   49.52922       58.67363       67.40520       75.40441    
   49.32180       58.47335       67.22412       75.26971    
   49.11514       58.27340       67.04359       75.13596    
   48.90934       58.07388       66.86369       75.00320    
   48.70449       57.87487       66.68448       74.87143    
   48.50070       57.67647       66.50601       74.74069    
   48.29804       57.47876       66.32836       74.61101    
   48.09658       57.28181       66.15158       74.48239    
   47.89638       57.08569       65.97573       74.35488    
   47.69750       56.89049       65.80086       74.22849    
   47.49998       56.69625       65.62701       74.10323    
   47.30386       56.50304       65.45426       73.97914    
   47.10915       56.31092       65.28264       73.85625    
   46.91589       56.11992       65.11221       73.73455    
   46.72408       55.93010       64.94299       73.61410    
   46.53373       55.74151       64.77506       73.49489    
   46.34483       55.55417       64.60844       73.37696    
   46.15738       55.36813       64.44319       73.26033    
   45.97136       55.18342       64.27934       73.14501    
   45.78676       55.00006       64.11693       73.03104    
   45.60355       54.81810       63.95599       72.91841    
   45.42170       54.63754       63.79659       72.80717    
   45.24118       54.45842       63.63873       72.69733    
   45.06196       54.28075       63.48246       72.58892    
   44.88400       54.10456       63.32783       72.48194    
   44.70727       53.92987       63.17486       72.37642    
   44.53173       53.75669       63.02358       72.27238    
   44.35733       53.58504       62.87403       72.16985    
   44.18404       53.41494       62.72625       72.06882    
   44.01183       53.24640       62.58027       71.96934    
   43.84064       53.07944       62.43612       71.87141    
   43.67046       52.91408       62.29382       71.77506    
   43.50123       52.75034       62.15343       71.68031    
   43.33295       52.58823       62.01495       71.58716    
   43.16557       52.42778       61.87844       71.49565    
   42.99907       52.26900       61.74392       71.40578    
   42.83345       52.11193       61.61142       71.31759    
   42.66867       51.95657       61.48098       71.23107    
   42.50475       51.80297       61.35263       71.14626    
   42.34166       51.65115       61.22640       71.06317    
   42.17942       51.50114       61.10232       70.98182    
   42.01804       51.35298       60.98043       70.90222    
   41.85754       51.20669       60.86077       70.82439    
   41.69793       51.06232       60.74336       70.74835    
   41.53925       50.91992       60.62825       70.67411    
   41.38154       50.77952       60.51546       70.60169    
   41.22484       50.64117       60.40504       70.53111    
   41.06922       50.50493       60.29702       70.46239    
   40.91473       50.37085       60.19143       70.39552    
   40.76144       50.23898       60.08832       70.33055    
   40.60944       50.10939       59.98772       70.26747    
   40.45881       49.98214       59.88967       70.20631    
   40.30965       49.85729       59.79420       70.14707    
   40.16207       49.73492       59.70137       70.08978    
   40.01617       49.61511       59.61121       70.03445    
   39.87209       49.49792       59.52375       69.98108    
   39.72995       49.38343       59.43904       69.92970    
   39.58987       49.27174       59.35713       69.88033    
   39.45202       49.16291       59.27805       69.83296    
   39.31655       49.05704       59.20183       69.78762    
   39.18360       48.95424       59.12854       69.74432    
   39.05336       48.85456       59.05819       69.70306    
   38.92598       48.75813       58.99085       69.66387    
   38.80165       48.66504       58.92655       69.62675    
   38.68055       48.57537       58.86533       69.59173    
   38.56287       48.48924       58.80723       69.55879    
   38.44881       48.40674       58.75230       69.52796    
   38.33855       48.32798       58.70058       69.49924    
   38.23231       48.25306       58.65210       69.47266    
   38.13028       48.18208       58.60691       69.44821    
   38.03268       48.11516       58.56506       69.42590    
   37.93970       48.05238       58.52657       69.40575    
   37.85155       47.99387       58.49149       69.38776    
   37.76846       47.93971       58.45986       69.37194    
   37.69061       47.89002       58.43171       69.35829    
   37.61823       47.84489       58.40708       69.34682    
   37.55152       47.80443       58.38601       69.33755    
   37.49068       47.76873       58.36852       69.33047    
   37.43591       47.73790       58.35466       69.32558    
   37.38741       47.71202       58.34445       69.32290    
   37.34538       47.69119       58.33793       69.32242    
   37.30999       47.67550       58.33512       69.32416    
   37.28144       47.66502       58.33604       69.32810    
   37.25990       47.65985       58.34074       69.33427    
   37.24554       47.66007       58.34922       69.34264    
   37.23851       47.66574       58.36151       69.35324    
   37.23898       47.67694       58.37763       69.36605    
   37.24708       47.69373       58.39760       69.38107    
   37.26295       47.71617       58.42143       69.39832    
   37.28671       47.74432       58.44913       69.41778    
   37.31848       47.77823       58.48073       69.43945    
