Unknown Pair
0.0 0.0 0.0 0.0
55.0 85.0 -180.0 -180.0
0.0 0.0 0.0
King Salmon / British Columbia
57.0 87.0 -160.0 -110.0
60.0 90.0 -130.0 -60.0
-118.0 62.0 -95.0
Saskatoon / Kapuskasing
55.0 85.0 -115.0 -65.0
65.0 90.0 -70.0 10.0 
-82.0 57.0 -30.0
Goose-Bay / Stokkseyri
55.0 85.0 -90.0 -20.0
65.0 90.0 0.0 70.0
-82.0 57.0 35.0
Iceland East / Finland
65.0 90.0 -20.0 50.0
60.0 90.0 80.0 150.0
-18.0 68.0 115.0
Schefferville / Stokkseyri
55.0 85.0 -90.0 -20.0
65.0 90.0 0.0 70.0
-82.0 57.0 35.0
Schefferville / Goose-Bay
55.0 85.0 -95.0 -25.0
65.0 85.0 -5.0 65.0
-82.0 57.0 30.0 
Halley-Bay / Sanae
-90.0 -70.0 -180.0 180.0
-90.0 -60.0 -15.0 60.0
0.0 0.0 30.0
Halley-Bay / Syowa
-90.0 -70.0 -180.0 180.0
-90.0 -60.0 -30.0 75.0
0.0 0.0 30.0
Sanae / Syowa
-90.0 -70.0 -180.0 180.0
-90.0 -60.0 -30.0 75.0
0.0 0.0 30.0
